1_t
1861
1527
1735
1658
1612
1686
1656
1580
1454
1588
1907
1886
1756
1469
1422
1451
1421
1425
1410
1425
1417
1473
1407
1440
1417
1413
1476
1416
1415
1576
1625
1507
1731
1778
1642
1588
1436
1519
1696
1684
1771
1465
1500
1535
1531
1490
1447
1461
1419
1463
1656
1588
1541
1634
1704
1581
1549
1670
1762
1976
2186
1758
1579
1524
1548
1458
1451
1433
1436
1470
1491
1674
1503
1648
1724
1820
1991
1975
1675
1703
1619
1418
1434
1429
1760
1451
1425
1425
1453
1445
1404
1429
1417
1444
1541
1502
1464
1788
1486
1469
2_t
1637
1477
1444
1435
1446
1409
1408
1424
1465
1444
1495
1549
1786
1608
1573
1597
1421
1414
1464
1428
1455
1427
1424
1492
1434
1447
1421
1435
1457
1411
1400
1460
1424
1467
1464
1597
1617
1797
1594
1615
1866
1748
1673
1590
1710
1535
1434
1436
1441
1449
1434
1431
1420
1411
1441
1439
1442
1470
1416
1416
1416
1447
1444
1426
1421
1416
1407
1457
1419
1423
1432
1415
1444
1421
1540
1505
1458
1533
1460
1458
1453
1462
1505
1423
1411
1421
1419
1457
1424
1422
1465
1487
1507
1468
1510
1491
1437
1436
1554
1434
3_t
1601
1425
1451
1437
1426
1426
1481
1490
1824
1692
1665
1483
1495
1430
1415
1438
1414
1474
1424
1429
1413
1431
1444
1421
1416
1431
1409
1446
1428
1443
1415
1442
1441
1407
1509
1414
1425
1463
1424
1409
1431
1426
1451
1430
1430
1420
1426
1455
1410
1416
1459
1472
1510
1566
1655
1493
1424
1464
1456
1761
1649
1605
1473
1447
1475
1456
1452
1479
1422
1423
1437
1458
1411
1454
1473
1533
1666
1632
1442
1488
1442
1455
1431
1548
1564
1682
1852
1901
1789
1889
1610
1477
1476
1501
1515
1728
1765
1686
1540
1612
4_t
1734
1494
1565
1510
1467
1461
1470
1470
1493
1459
1469
1465
1466
1515
1467
1493
1500
1572
1472
1461
1452
1467
1457
1466
1450
1446
1462
1480
1441
1447
1457
1457
1486
1465
1451
1456
1461
1485
1551
1453
1463
1461
1504
1449
1466
1453
1457
1486
1467
1453
1443
1476
1491
1462
1463
1466
1455
1488
1463
1446
1525
1472
1481
1474
1463
1451
1446
1463
1441
1484
1539
1464
1484
1451
1446
1557
1553
1506
1598
1640
1761
1520
1682
1815
1632
1680
1570
1632
1637
1697
2585
2229
1760
1639
1449
1713
1921
1964
1634
1937
5_t
1784
1564
1547
1561
1583
1501
1665
1517
1544
1568
1579
1741
1773
1676
1577
1483
1479
1480
1481
1438
1516
1453
1450
1447
1446
1477
1445
1463
1437
1450
1520
1447
1469
1464
1448
1487
1451
1441
1442
1430
1444
1424
1423
1420
1422
1464
1421
1418
1420
1418
1442
1432
1447
1430
1421
1454
1422
1427
1444
1428
1456
1426
1424
1415
1438
1466
1421
1421
1443
1418
1460
1434
1424
1419
1422
1449
1426
1437
1425
1420
1452
1426
1417
1458
1426
1453
1424
1425
1443
1442
1458
1421
1420
1436
1409
1455
1426
1415
1415
1423
6_t
1515
1432
1455
1446
1417
1431
1428
1454
1437
1439
1423
1423
1463
1432
1423
1425
1428
1454
1426
1439
1430
1472
1453
1420
1433
1445
1425
1455
1435
1420
1429
1438
1464
1430
1425
1429
1420
1460
1436
1435
1428
1446
1444
1422
1436
1435
1436
1469
1422
1433
1430
1429
1449
1420
1446
1435
1441
1452
1426
1432
1431
1556
1540
1537
1442
1467
1483
1461
1430
1452
1435
1433
1463
1430
1425
1449
1440
1460
1445
1426
1466
1451
1455
1447
1443
1436
1431
1451
1447
1434
1428
1432
1459
1428
1443
1437
1428
1434
1416
1427
7_t
1641
1434
1439
1482
1446
1429
1431
1433
1451
1450
1433
1455
1422
1468
1433
1436
1457
1438
1455
1441
1428
1425
1464
1455
1456
1431
1430
1432
1474
1443
1424
1433
1424
1442
1427
1428
1436
1423
1457
1430
1441
1458
1487
1512
1468
1459
1455
1458
1442
1439
1435
1425
1429
1516
1442
1428
1469
1422
1451
1438
1447
1417
1428
1454
1421
1424
1452
1441
1461
1443
1449
1432
1450
1437
1417
1467
1548
1472
1474
1435
1434
1433
1444
1488
1438
1445
1448
1438
1450
1423
1440
1450
1437
1455
1432
1448
1421
1452
1443
1427
8_t
1585
1424
1419
1456
1433
1439
1439
1426
1436
1417
1473
1429
1437
1447
1424
1470
1462
1486
1469
1494
1469
1460
1431
1480
1439
1462
1427
1422
1441
1424
1467
1430
1437
1418
1426
1449
1429
1432
1441
1424
1446
1431
1421
1444
1427
1452
1417
1433
1419
1442
1449
1437
1422
1442
1423
1460
1433
1454
1425
1419
1457
1438
1440
1430
1422
1451
1435
1418
1441
1434
1473
1424
1430
1439
1544
1480
1434
1431
1427
1432
1455
1447
1424
1426
1747
1593
1468
1431
1417
1416
1456
2629
1417
1421
1457
1406
1418
1428
1412
1458
9_t
4965
4210
4425
4490
4253
4348
4227
4115
4191
4190
4183
4230
4109
4235
4182
4203
4137
4117
4219
4093
4261
4202
4184
4110
4246
4630
1595
1421
1423
1413
1424
2765
4540
4115
4244
4125
4169
4101
4165
4181
4093
4188
4122
4164
4132
4183
4095
4246
4325
4097
4198
4079
4295
4063
4069
4291
6838
3140
2582
1974
2112
2036
1795
1548
1475
1452
1446
1460
1456
1430
1427
1417
1445
1454
1540
1661
1637
1503
1470
1419
1417
1434
1431
1457
1475
1515
1526
1506
1551
1506
1491
1542
1629
1579
1481
1480
1472
1487
1623
1657
10_t
1865
1620
1689
1664
1586
1833
1827
1509
1739
1696
1542
1579
1561
1586
1594
1577
1535
1694
1851
1614
1612
1683
1765
1760
1713
1596
1761
1811
1927
1955
1978
1834
1578
1596
1615
1587
1618
1576
1620
1627
1608
1602
1594
1608
1652
1599
1619
1646
1637
1627
1872
1823
1628
1645
1608
1635
1455
1448
1459
1547
1444
1852
1689
1777
1423
1505
1488
1459
1447
1463
1453
1479
1471
1446
1439
1434
1460
1444
1450
1436
1436
1469
1448
1447
1431
1452
1652
1498
1537
1461
1431
1629
1645
1510
1708
11_t
1958
1803
1495
1500
1683
1653
1639
1606
1540
1613
1656
1767
1746
1622
1708
1703
1626
1578
1508
1610
1624
1743
1575
1569
1534
1591
1507
1596
1633
1559
1488
1836
1573
1566
1555
1490
1639
1875
1567
1546
1548
1529
1698
1580
1522
1567
1508
1582
1556
1562
1543
1514
1732
1716
1607
1559
1635
2110
2480
2481
2677
2411
2436
2449
2186
2609
2461
2470
2549
2360
2511
2474
2588
2431
2234
2559
2485
2501
2367
2257
2197
2224
2107
2315
2123
2102
2447
3170
3089
2741
2462
2546
2318
1460
1507
1522
1822
1464
1514
1457
12_t
1511
1444
1426
1431
1420
1448
1456
1437
1410
1416
1447
1417
1419
1420
1418
1416
1424
1425
1428
1420
1430
1414
1433
1439
1440
1450
1467
1442
1438
1436
1436
1470
1440
1436
1430
1448
1487
1449
1443
1448
1490
1440
1423
1426
1435
1422
1439
1426
1418
1444
1433
1445
1417
1437
1421
1419
1455
1444
1423
1423
1427
1448
1443
1425
1436
1441
1446
1417
1418
1442
1425
1439
1474
1434
1420
1429
1442
1460
1436
1417
1438
1498
1629
1562
1492
1624
1767
1719
1733
1621
1651
1619
1680
1750
1689
1442
1447
1565
1492
1778
13_t
1688
1470
1449
1531
1455
1467
1512
1572
1441
1453
1444
1464
1517
1546
1501
1583
1504
1538
1499
1530
1484
1597
1509
1482
1489
1492
1517
1583
1493
1484
1541
1490
1524
1663
1430
1461
1425
1457
1429
1428
1466
1509
1711
1883
1889
1513
1523
1474
1474
1461
1490
1536
1491
1491
1585
1540
1468
1444
1512
1480
1482
1456
1494
1482
1484
1499
1527
1496
1504
1539
1592
1549
1601
1509
1624
1585
1545
1538
1564
1591
1770
1656
1869
1604
1629
1516
1451
1449
1455
1464
1444
1488
1478
1432
1444
1453
1436
1450
1491
1445
14_t
1533
1422
1425
1462
1457
1440
1496
1490
1463
1485
1476
1517
1482
1471
1525
1450
1446
1463
1442
1528
1502
1509
1555
1487
1590
1468
1460
1456
1505
1513
1443
1462
1420
1465
1531
1443
1453
1445
1464
1529
1471
1505
1490
1517
1498
1644
1474
1456
1457
1455
1430
1419
1500
1492
1440
1478
1498
1462
1504
1473
1478
1549
1450
1529
1480
1457
1441
1476
1496
1486
1451
1526
1451
1473
1445
1463
1421
1452
1458
1450
1465
1471
1449
1546
1486
1451
1468
1504
1546
1486
1527
1478
1445
1449
1509
1446
1434
1427
1442
1421
15_t
1654
1508
1519
1514
1624
1445
1497
1452
1491
1510
1456
1483
1519
1482
1426
1429
1418
1422
1487
1437
1421
1417
1427
1446
1424
1499
1451
1419
1453
1421
1426
1491
1446
1444
1562
1542
1615
1448
1482
1425
1425
1424
1436
1453
1444
1425
1439
1422
1478
1423
1439
1424
1423
1450
1438
1423
1430
1435
1442
1426
1420
1422
1422
1465
1422
1445
1427
1431
1451
1443
1416
1423
1419
1452
1472
1473
1455
1426
1472
1453
1430
1441
1460
1456
1452
1420
1450
1431
1452
1425
1438
1422
1428
1491
1419
1441
1427
1423
1449
1424
16_t
1523
1422
1453
1424
1458
1427
1421
1424
1425
1420
1437
1422
1419
1431
1419
1457
1424
1446
1434
1462
1445
1430
1426
1433
1418
1467
1419
1423
1425
1433
1451
1429
1431
1420
1417
1452
1445
1417
1443
1418
1492
1424
1433
1420
1435
1458
1422
1428
1427
1433
1442
1431
1423
1424
1425
1491
1427
1515
1436
1426
1470
1442
1430
1446
1438
1444
1426
1428
1422
1428
1467
1421
1423
1465
1436
1448
1439
1428
1421
1436
1454
1421
1435
1432
1420
1470
1425
1432
1425
1418
1472
1421
1432
1433
1437
1456
1439
1421
1468
1440
17_t
1501
1424
1459
1433
1418
1439
1450
1452
1423
1448
1424
1455
1446
1428
1420
1436
1432
1448
1421
1424
1419
1431
1506
1427
1456
1426
1436
1460
1460
1567
1499
1509
1443
1420
1431
1638
1844
1456
1624
1820
1602
1457
1455
1501
1471
1441
1455
1423
1411
1423
1407
1438
1428
1443
1414
1444
1476
1416
1424
1428
1441
1592
1443
1445
1454
1470
1451
1415
1424
1417
1418
1487
1446
1432
1437
1428
1473
1460
1438
1441
1437
1465
1435
1524
1483
1483
1583
1832
1569
1562
1454
1469
1450
1499
1450
1679
1815
1500
1501
1521
18_t
1926
1449
1449
1424
1434
1421
1420
1418
1427
1488
1416
1415
1411
1427
1460
1411
1416
1405
1419
1450
1426
1424
1421
1410
1439
1423
1414
1422
1421
1411
1449
1425
1421
1431
1435
1447
1409
1413
1507
1459
1445
1427
1449
1421
1418
1437
1419
1418
1414
1413
1445
1415
1426
1422
1408
1445
1413
1423
1418
1423
1447
1411
1423
1418
1408
1439
1415
1434
1459
1430
1446
1412
1437
1416
1404
1439
1408
1436
1423
1416
1441
1446
1415
1418
1411
1450
1444
1405
1428
1405
1439
1426
1413
1410
1422
1415
1421
1414
1417
1409
19_t
1513
1441
1478
1445
1438
1432
1418
1469
1415
1415
1431
1417
1443
1440
1447
1416
1426
1443
1430
1429
1426
1424
1469
1443
1428
1424
1447
1442
1495
1431
1417
1434
1459
1452
1416
1429
1417
1442
1418
1433
1416
1441
1463
1421
1437
1430
1422
1455
1453
1416
1420
1429
1448
1416
1425
1413
1414
1450
1465
1427
1433
1422
1414
1427
1426
1417
1458
1420
1419
1433
1422
1421
1423
1445
1416
1418
1421
1432
1447
1485
1444
1431
1454
1461
1435
1452
1466
1430
1454
1432
1429
1428
1415
1462
1416
1423
1429
1441
1448
1423
20_t
1497
1425
1414
1422
1416
1423
1416
1419
1433
1412
1446
1467
1446
1422
1430
1446
1425
1413
1426
1431
1445
1435
1429
1417
1422
1462
1412
1415
1449
1430
1443
1440
1427
1428
1424
1454
1418
1426
1426
1426
1443
1419
1418
1411
1430
1440
1446
1426
1472
1422
1468
1418
1426
1417
1423
1442
1428
1428
1413
1426
1453
1420
1411
1429
1411
1445
1422
1419
1418
1474
1451
1422
1422
1418
1420
1456
1423
1413
1416
2089
2148
1718
1450
1450
1590
1462
1444
1448
1463
1448
1448
1467
1452
1458
1451
1423
1481
1434
1427
1476